2091
0
2648
2
1181
4
1097
6
2890
8
2150
10
1421
12
2821
14
3026
16
1481
18
2703
20
3267
22
2223
24
1357
26
1285
28
3841
30
2529
32
2235
34
2477
36
3983
38
2066
40
2101
42
3453
44
3366
46
1907
48
2550
50
3691
52
1540
54
2993
56
3470
58
2561
60
1744
62
2623
64
2007
66
1593
68
2454
70
3098
72
2951
74
2659
76
2413
78
3634
80
3621
82
3145
84
2447
86
1376
88
2197
90
2721
92
3768
94
2395
96
1422
98
2414
100
2913
102
3457
104
1920
106
2784
108
3353
110
1971
112
3745
114
3177
116
2705
118
1261
120
1893
122
3123
124
2039
126
3011
128
2566
130
1402
132
2571
134
3492
136
1230
138
1277
140
3282
142
2311
144
2796
146
1748
148
2931
150
1675
152
2533
154
3130
156
2568
158
3383
160
3753
162
2771
164
1518
166
3402
168
3879
170
1614
172
2810
174
3056
176
3990
178
2073
180
2152
182
2866
184
2430
186
1705
188
3926
190
3690
192
1977
194
1124
196
2726
198
2254
200
1820
202
1710
204
2376
206
1508
208
1645
210
3247
212
2940
214
2527
216
2617
218
1499
220
1849
222
3142
224
1118
226
1998
228
3543
230
3998
232
2208
234
3905
236
2865
238
3097
240
2464
242
1928
244
1465
246
2211
248
3239
250
3508
252
3399
254
1146
256
3719
258
3924
260
1511
262
2040
264
1580
266
2719
268
2189
270
2450
272
1659
274
3240
276
2466
278
3912
280
3372
282
3262
284
2645
286
3318
288
3795
290
3496
292
3180
294
2030
296
2218
298
2313
300
3973
302
2323
304
2236
306
1305
308
3151
310
1163
312
1167
314
2090
316
2008
318
1597
320
1932
322
2048
324
1799
326
2979
328
3396
330
3711
332
2878
334
3865
336
1252
338
2316
340
3034
342
1480
344
3427
346
1022
348
2288
350
1570
352
3420
354
1846
356
3645
358
3261
360
3867
362
2676
364
1937
366
1062
368
2082
370
2335
372
1561
374
3274
376
3951
378
1888
380
1731
382
2916
384
2789
386
3114
388
3195
390
2742
392
2360
394
2921
396
3173
398
