Factorial,Time
376,0.110000
3951,1.200000
378,0.110000
1888,0.580000
380,0.110000
1731,0.530000
382,0.110000
2916,0.890000
384,0.120000
2789,0.840000
386,0.120000
3114,0.950000
388,0.110000
3195,0.970000
390,0.120000
2742,0.830000
392,0.120000
2360,0.720000
394,0.120000
2921,0.890000
396,0.120000
3173,0.960000
398,0.120000
2091,0.640000
0,0.000000
2648,0.800000
2,0.000000
1181,0.360000
4,0.000000
1097,0.330000
6,0.010000
2890,0.870000
8,0.010000
2150,0.650000
10,0.000000
1421,0.430000
12,0.000000
2821,0.860000
14,0.000000
3026,0.920000
16,0.010000
1481,0.450000
18,0.000000
2703,0.820000
20,0.010000
3267,0.990000
22,0.010000
2223,0.670000
24,0.010000
1357,0.410000
26,0.010000
1285,0.390000
28,0.010000
3841,1.160000
30,0.010000
2529,0.760000
32,0.010000
2235,0.680000
34,0.010000
2477,0.740000
36,0.020000
3983,1.200000
38,0.010000
2066,0.620000
40,0.020000
2101,0.630000
42,0.010000
3453,1.050000
44,0.010000
3366,1.010000
46,0.020000
1907,0.570000
48,0.020000
2550,0.770000
50,0.010000
3691,1.120000
52,0.020000
1540,0.470000
54,0.010000
2993,0.910000
56,0.020000
3470,1.050000
58,0.020000
2561,0.780000
60,0.020000
1744,0.530000
62,0.020000
2623,0.790000
64,0.030000
2007,0.610000
66,0.020000
1593,0.480000
68,0.020000
2454,0.750000
70,0.020000
3098,0.940000
72,0.020000
2951,0.900000
74,0.020000
2659,0.810000
76,0.020000
2413,0.730000
78,0.030000
3634,1.100000
80,0.020000
3621,1.100000
82,0.030000
3145,0.950000
84,0.030000
2447,0.740000
86,0.030000
1376,0.420000
88,0.020000
2197,0.670000
90,0.030000
2721,0.820000
92,0.030000
3768,1.140000
94,0.030000
2395,0.720000
96,0.030000
1422,0.430000
98,0.030000
2414,0.730000
100,0.030000
2913,0.870000
102,0.030000
3457,1.050000
104,0.030000
1920,0.590000
106,0.030000
2784,0.850000
108,0.030000
3353,1.020000
110,0.030000
1971,0.600000
112,0.030000
3745,1.140000
114,0.040000
3177,0.960000
116,0.040000
2705,0.820000
118,0.030000
1261,0.390000
120,0.030000
1893,0.580000
122,0.040000
3123,0.940000
124,0.040000
2039,0.620000
126,0.040000
3011,0.910000
128,0.040000
2566,0.780000
130,0.040000
1402,0.430000
132,0.040000
2571,0.780000
134,0.040000
3492,1.050000
136,0.040000
1230,0.370000
138,0.050000
1277,0.380000
140,0.040000
3282,0.990000
142,0.050000
2311,0.700000
144,0.040000
2796,0.850000
146,0.050000
1748,0.530000
148,0.040000
2931,0.890000
150,0.050000
1675,0.500000
152,0.050000
2533,0.770000
154,0.050000
3130,0.950000
156,0.050000
2568,0.770000
158,0.050000
3383,1.020000
160,0.050000
3753,1.130000
162,0.050000
2771,0.840000
164,0.050000
1518,0.460000
166,0.050000
3402,1.020000
168,0.060000
3879,1.170000
170,0.050000
1614,0.480000
172,0.060000
2810,0.850000
174,0.050000
3056,0.920000
176,0.050000
3990,1.210000
178,0.050000
2073,0.630000
180,0.050000
2152,0.650000
182,0.060000
2866,0.860000
184,0.060000
2430,0.730000
186,0.060000
1705,0.510000
188,0.060000
3926,1.190000
190,0.050000
3690,1.120000
192,0.060000
1977,0.590000
194,0.050000
1124,0.340000
196,0.060000
2726,0.820000
198,0.060000
2254,0.680000
200,0.070000
1820,0.540000
202,0.070000
1710,0.510000
204,0.060000
2376,0.720000
206,0.060000
1508,0.460000
208,0.060000
1645,0.500000
210,0.060000
3247,0.990000
212,0.060000
2940,0.900000
214,0.060000
2527,0.770000
216,0.070000
2617,0.790000
218,0.070000
1499,0.450000
220,0.060000
1849,0.560000
222,0.070000
3142,0.950000
224,0.070000
1118,0.340000
226,0.070000
1998,0.610000
228,0.070000
3543,1.070000
230,0.070000
3998,1.220000
232,0.070000
2208,0.670000
234,0.070000
3905,1.180000
236,0.080000
2865,0.870000
238,0.070000
3097,0.940000
240,0.070000
2464,0.750000
242,0.070000
1928,0.590000
244,0.070000
1465,0.450000
246,0.080000
2211,0.660000
248,0.080000
3239,0.980000
250,0.070000
3508,1.060000
252,0.080000
3399,1.020000
254,0.080000
1146,0.350000
256,0.070000
3719,1.130000
258,0.080000
3924,1.190000
260,0.080000
1511,0.460000
262,0.080000
2040,0.620000
264,0.070000
1580,0.480000
266,0.090000
2719,0.820000
268,0.080000
2189,0.670000
270,0.080000
2450,0.740000
272,0.080000
1659,0.500000
274,0.090000
3240,0.970000
276,0.090000
2466,0.740000
278,0.090000
3912,1.180000
280,0.080000
3372,1.020000
282,0.090000
3262,0.980000
284,0.090000
2645,0.800000
286,0.090000
3318,1.000000
288,0.090000
3795,1.150000
290,0.080000
3496,1.060000
292,0.090000
3180,0.960000
294,0.090000
2030,0.610000
296,0.090000
2218,0.670000
298,0.090000
2313,0.700000
300,0.090000
3973,1.210000
302,0.090000
2323,0.700000
304,0.100000
2236,0.670000
306,0.100000
1305,0.390000
308,0.100000
3151,0.950000
310,0.100000
1163,0.350000
312,0.090000
1167,0.360000
314,0.090000
2090,0.630000
316,0.100000
2008,0.610000
318,0.090000
1597,0.480000
320,0.100000
1932,0.580000
322,0.100000
2048,0.620000
324,0.100000
1799,0.540000
326,0.100000
2979,0.900000
328,0.100000
3396,1.020000
330,0.100000
3711,1.120000
332,0.100000
2878,0.870000
334,0.100000
3865,1.170000
336,0.100000
1252,0.380000
338,0.100000
2316,0.700000
340,0.100000
3034,0.920000
342,0.100000
1480,0.450000
344,0.100000
3427,1.030000
346,0.110000
1022,0.310000
348,0.100000
2288,0.690000
350,0.100000
1570,0.480000
352,0.110000
3420,1.040000
354,0.100000
1846,0.560000
356,0.110000
3645,1.110000
358,0.110000
3261,0.990000
360,0.110000
3867,1.170000
362,0.110000
2676,0.800000
364,0.110000
1937,0.590000
366,0.110000
1062,0.320000
368,0.110000
2082,0.630000
370,0.110000
2335,0.710000
372,0.110000
1561,0.470000
374,0.120000
3274,0.990000
