Factorial,Time
1226,0.370000
1663,0.510000
1145,0.340000
1377,0.420000
1454,0.440000
1495,0.450000
1580,0.480000
1884,0.570000
2203,0.670000
3421,1.030000
2756,0.830000
2338,0.710000
2398,0.730000
2466,0.760000
2506,0.760000
2526,0.770000
2430,0.730000
2427,0.740000
3249,0.980000
2780,0.840000
2791,0.840000
1581,0.480000
2900,0.870000
3180,0.960000
2941,0.900000
3185,0.970000
3290,1.000000
3508,1.060000
2053,0.620000
2762,0.840000
3795,1.150000
2710,0.820000
1442,0.430000
3920,1.180000
2590,0.780000
1240,0.370000
1873,0.570000
1965,0.600000
1880,0.570000
2962,0.900000
1641,0.500000
2207,0.670000
3285,0.990000
2419,0.740000
2991,0.910000
3003,0.900000
1865,0.560000
1624,0.490000
2877,0.870000
2633,0.800000
1438,0.440000
2031,0.610000
1302,0.400000
2921,0.880000
1267,0.390000
1618,0.490000
3567,1.070000
3802,1.160000
3955,1.190000
2822,0.860000
1276,0.390000
1188,0.360000
3147,0.960000
3706,1.120000
2998,0.900000
1878,0.560000
3843,1.160000
2915,0.880000
2719,0.820000
2486,0.750000
2731,0.820000
2593,0.790000
1950,0.600000
2554,0.770000
3289,1.000000
1127,0.340000
2454,0.750000
2450,0.740000
1397,0.420000
2801,0.840000
2627,0.790000
1160,0.350000
3642,1.100000
3146,0.950000
1672,0.510000
1224,0.370000
1904,0.580000
2155,0.650000
3362,1.020000
3227,0.970000
1693,0.510000
2158,0.650000
2972,0.900000
2570,0.780000
2051,0.620000
2722,0.820000
3455,1.040000
3625,1.100000
3925,1.190000
2074,0.620000
3318,1.000000
1645,0.500000
3098,0.940000
2007,0.610000
3557,1.070000
1322,0.400000
2697,0.820000
3845,1.160000
1614,0.490000
2545,0.770000
2924,0.890000
2951,0.890000
1927,0.590000
1077,0.330000
1411,0.430000
1436,0.430000
1511,0.450000
1455,0.440000
2872,0.870000
2160,0.650000
2771,0.840000
1164,0.350000
1692,0.510000
1460,0.450000
2354,0.710000
1340,0.410000
1524,0.460000
1598,0.490000
2672,0.810000
3486,1.050000
3049,0.920000
3502,1.050000
2146,0.660000
1758,0.530000
2377,0.720000
2276,0.690000
2874,0.870000
3789,1.150000
1741,0.520000
3620,1.090000
1676,0.500000
3811,1.150000
2744,0.830000
1995,0.610000
3326,1.010000
3718,1.120000
1723,0.520000
3355,1.020000
3461,1.050000
2829,0.860000
3083,0.930000
3013,0.910000
2312,0.700000
2825,0.850000
1726,0.520000
1197,0.360000
1590,0.480000
1510,0.460000
1767,0.540000
1638,0.500000
2868,0.870000
1154,0.350000
3573,1.070000
2062,0.630000
3961,1.200000
2749,0.830000
1642,0.500000
3488,1.050000
1307,0.400000
2315,0.700000
1804,0.540000
2786,0.840000
1462,0.440000
2848,0.860000
3617,1.090000
3402,1.030000
3223,0.980000
1115,0.340000
3833,1.170000
2248,0.680000
2671,0.800000
2418,0.730000
2533,0.770000
2152,0.650000
2957,0.890000
1719,0.520000
1049,0.310000
2856,0.860000
2568,0.780000
3043,0.910000
1680,0.510000
1039,0.320000
3299,1.000000
1295,0.390000
2810,0.850000
1285,0.390000
1630,0.490000
1771,0.540000
3501,1.060000
3696,1.110000
2117,0.640000
3199,0.960000
3565,1.070000
2481,0.760000
1199,0.360000
2646,0.800000
3070,0.930000
1080,0.330000
3358,1.020000
3639,1.100000
2054,0.620000
2785,0.850000
2881,0.870000
1102,0.340000
1386,0.420000
3244,0.980000
3646,1.110000
2325,0.700000
1328,0.400000
1592,0.480000
3495,1.060000
3037,0.920000
3559,1.080000
1571,0.470000
3207,0.970000
3297,0.990000
3503,1.060000
3427,1.040000
2184,0.660000
2012,0.610000
3016,0.910000
3350,1.010000
2313,0.700000
3296,1.000000
1054,0.320000
2055,0.620000
1700,0.520000
2392,0.730000
2833,0.850000
1132,0.350000
2551,0.770000
2361,0.720000
3445,1.040000
1972,0.600000
2092,0.620000
3922,1.180000
3361,1.020000
1138,0.340000
2784,0.840000
1219,0.370000
3736,1.120000
2332,0.700000
1806,0.540000
1685,0.510000
3135,0.950000
3812,1.160000
1407,0.430000
3616,1.090000
3089,0.940000
2173,0.650000
2285,0.700000
3006,0.910000
1808,0.550000
2255,0.680000
2239,0.670000
2148,0.650000
2033,0.620000
3997,1.210000
2425,0.730000
2634,0.800000
2076,0.620000
2665,0.800000
2542,0.760000
2217,0.670000
1600,0.490000
1812,0.550000
3324,1.000000
2918,0.880000
1772,0.540000
1988,0.600000
1015,0.310000
2198,0.670000
3889,1.180000
2585,0.790000
3592,1.080000
3201,0.970000
3695,1.120000
3254,0.980000
3142,0.950000
3172,0.950000
2788,0.840000
2677,0.810000
1866,0.570000
2774,0.840000
2279,0.690000
2599,0.780000
3489,1.050000
3972,1.200000
3129,0.940000
120000
3254,0.980000
2788,0.850000
3142,0.950000
1772,0.530000
3172,0.960000
3972,1.210000
2774,0.840000
1866,0.560000
2677,0.820000
2279,0.690000
3489,1.050000
2599,0.780000
3129,0.950000
3812,1.150000
30737,9.330000
