30
31
32
33
34
1035
35
36
37
38
39
1060
40
41
42
43
44
1085
45
46
47
48
49
1110
50
51
52
53
54
1135
55
56
57
58
59
1160
60
61
62
63
64
1185
65
66
67
68
69
1210
70
71
72
73
74
1235
75
76
77
78
79
1260
80
81
82
83
84
1285
85
86
87
88
89
1310
90
91
92
93
94
1335
95
96
97
98
99
1360
100
101
102
103
104
1385
105
106
107
108
109
1410
110
111
112
113
114
1435
115
116
117
118
119
1460
120
121
122
123
124
1485
125
126
127
128
129
1510
130
131
132
133
134
1535
135
136
137
138
139
1560
140
141
142
143
144
1585
145
146
147
148
149
1610
150
151
152
153
154
1635
155
156
157
158
159
1660
160
161
162
163
164
1685
165
166
167
168
169
1710
170
171
172
173
174
1735
175
176
177
178
179
1760
180
181
182
183
184
1785
185
186
187
188
189
1810
190
191
192
193
194
1835
195
196
197
198
199
1860
200
201
202
203
204
1885
205
206
207
208
209
1910
210
211
212
213
214
1935
215
216
217
218
219
1960
220
221
222
223
224
1985
225
226
227
228
229
2010
230
231
232
233
234
2035
235
236
237
238
239
2060
240
241
242
243
244
2085
245
246
247
248
249
2110
250
251
252
253
254
2135
255
256
257
258
259
2160
260
261
262
263
264
2185
265
266
267
268
269
2210
270
271
272
273
274
2235
275
276
277
278
279
2260
280
281
282
283
284
2285
285
286
287
288
289
2310
290
291
292
293
294
2335
295
296
297
298
299
2360
300
301
302
303
304
2385
305
306
307
308
309
2410
310
311
312
313
314
2435
315
316
317
318
319
2460
320
321
322
323
324
2485
325
326
327
328
329
2510
330
331
332
333
334
2535
335
336
337
338
339
2560
340
341
342
343
344
2585
345
346
347
348
349
2610
350
351
352
353
354
2635
355
356
357
358
359
2660
360
361
362
363
364
2685
365
366
367
368
369
2710
370
371
372
373
374
2735
375
376
377
378
379
2760
380
381
382
383
384
2785
385
386
387
388
389
2810
390
391
392
393
394
2835
395
396
397
398
399
2860
400
401
402
403
404
2885
405
406
407
408
409
2910
410
411
412
413
414
2935
415
416
417
418
419
2960
420
421
422
423
424
2985
425
426
427
428
429
3010
430
431
432
433
434
3035
435
436
437
438
439
3060
440
441
442
443
444
3085
445
446
447
448
449
3110
450
451
452
453
454
3135
455
456
457
458
459
3160
460
461
462
463
464
3185
465
466
467
468
469
3210
470
471
472
473
474
3235
475
476
477
478
479
3260
