3023
2756
2526
2466
3185
2338
2791
2427
1663
1226
1884
3290
2430
2506
1454
1495
3920
3180
3795
3508
1580
2203
3249
2780
2900
3421
2398
1145
2941
1377
2710
2762
1581
2962
2053
2590
3285
3003
3955
2877
1965
3802
2419
1442
1880
3567
2207
2633
2991
3706
2921
3843
1240
1873
1641
3147
2031
2998
1624
2822
1438
2915
1865
3289
2719
1302
1618
2731
2486
2593
2554
1878
2454
2450
2801
1276
1267
1950
3642
1188
3362
2627
3227
3625
3146
3455
2972
1127
3845
3925
3557
1397
2722
2570
2155
3318
1904
1672
2158
1160
3098
2924
2051
2951
1693
2697
2074
2545
2007
1224
1645
2771
1614
1927
3486
2872
1322
3502
3789
2160
3811
2354
3620
3049
2672
1455
1436
1692
1411
1077
1511
2874
3718
1164
3326
3461
2377
3355
1340
2744
2146
1524
1598
3083
2276
1460
1758
2829
3961
1741
1995
2825
1676
3573
2312
3013
1723
2868
3833
3617
2749
1726
3402
3488
3223
1767
1590
2062
1510
2786
1197
2848
1638
2315
2671
1642
1154
1804
2533
2248
2418
2957
2856
1307
2152
3696
2568
1462
3299
1719
3501
3565
2810
1115
3043
3358
3199
3639
3070
3646
1680
1049
2646
2117
3244
2481
1771
3495
1630
2785
1295
1285
3559
1039
2881
3037
2054
3503
3297
2325
1199
3350
3427
1080
3207
3016
1386
3296
1102
1592
3445
1328
3736
1571
3361
2833
3812
2313
2012
3922
3616
2392
2551
2184
2361
2784
3135
2055
2092
1972
3089
1700
3997
3006
2332
1132
1806
2285
1054
2173
1685
1138
3324
3889
1219
1407
1808
2918
2634
2239
2665
3695
3592
2542
2255
2148
2076
2217
3201
2033
3254
2425
3142
3972
2585
1812
3172
1600
2198
2788
1988
2774
2677
3489
2279
1772
1015
1866
2599
3129
