Factorial,Time
465,0.150000
466,0.140000
467,0.140000
468,0.140000
469,0.140000
3210,0.970000
470,0.140000
471,0.150000
472,0.140000
473,0.140000
474,0.150000
3235,0.970000
475,0.140000
476,0.140000
477,0.140000
478,0.150000
479,0.140000
3260,0.990000
30,0.010000
31,0.000000
32,0.010000
33,0.010000
34,0.010000
1035,0.320000
35,0.010000
36,0.010000
37,0.010000
38,0.010000
39,0.020000
1060,0.320000
40,0.010000
41,0.010000
42,0.020000
43,0.010000
44,0.010000
1085,0.330000
45,0.020000
46,0.010000
47,0.020000
48,0.010000
49,0.020000
1110,0.330000
50,0.020000
51,0.010000
52,0.020000
53,0.020000
54,0.010000
1135,0.350000
55,0.010000
56,0.020000
57,0.020000
58,0.020000
59,0.010000
1160,0.360000
60,0.010000
61,0.020000
62,0.020000
63,0.020000
64,0.020000
1185,0.360000
65,0.020000
66,0.020000
67,0.020000
68,0.020000
69,0.020000
1210,0.370000
70,0.020000
71,0.020000
72,0.020000
73,0.020000
74,0.030000
1235,0.370000
75,0.030000
76,0.020000
77,0.020000
78,0.030000
79,0.020000
1260,0.380000
80,0.030000
81,0.020000
82,0.030000
83,0.020000
84,0.030000
1285,0.380000
85,0.030000
86,0.030000
87,0.020000
88,0.030000
89,0.030000
1310,0.390000
90,0.040000
91,0.020000
92,0.030000
93,0.030000
94,0.030000
1335,0.400000
95,0.030000
96,0.030000
97,0.030000
98,0.030000
99,0.030000
1360,0.410000
100,0.040000
101,0.030000
102,0.030000
103,0.030000
104,0.030000
1385,0.420000
105,0.030000
106,0.030000
107,0.040000
108,0.030000
109,0.030000
1410,0.430000
110,0.030000
111,0.040000
112,0.030000
113,0.040000
114,0.030000
1435,0.440000
115,0.030000
116,0.040000
117,0.030000
118,0.040000
119,0.040000
1460,0.440000
120,0.040000
121,0.040000
122,0.040000
123,0.030000
124,0.040000
1485,0.450000
125,0.040000
126,0.040000
127,0.040000
128,0.040000
129,0.030000
1510,0.460000
130,0.040000
131,0.040000
132,0.040000
133,0.040000
134,0.040000
1535,0.470000
135,0.040000
136,0.050000
137,0.040000
138,0.040000
139,0.040000
1560,0.470000
140,0.040000
141,0.050000
142,0.040000
143,0.040000
144,0.050000
1585,0.480000
145,0.040000
146,0.040000
147,0.050000
148,0.040000
149,0.050000
1610,0.480000
150,0.050000
151,0.040000
152,0.050000
153,0.050000
154,0.040000
1635,0.500000
155,0.050000
156,0.040000
157,0.050000
158,0.050000
159,0.050000
1660,0.500000
160,0.050000
161,0.050000
162,0.050000
163,0.050000
164,0.050000
1685,0.510000
165,0.060000
166,0.050000
167,0.050000
168,0.050000
169,0.050000
1710,0.520000
170,0.050000
171,0.050000
172,0.050000
173,0.060000
174,0.050000
1735,0.530000
175,0.050000
176,0.050000
177,0.060000
178,0.050000
179,0.060000
1760,0.530000
180,0.050000
181,0.060000
182,0.050000
183,0.060000
184,0.050000
1785,0.540000
185,0.060000
186,0.050000
187,0.060000
188,0.060000
189,0.050000
1810,0.550000
190,0.060000
191,0.060000
192,0.050000
193,0.060000
194,0.060000
1835,0.560000
195,0.060000
196,0.060000
197,0.060000
198,0.060000
199,0.060000
1860,0.570000
200,0.060000
201,0.060000
202,0.060000
203,0.060000
204,0.060000
1885,0.570000
205,0.070000
206,0.060000
207,0.060000
208,0.070000
209,0.060000
1910,0.580000
210,0.060000
211,0.070000
212,0.060000
213,0.070000
214,0.060000
1935,0.590000
215,0.060000
216,0.070000
217,0.070000
218,0.060000
219,0.070000
1960,0.590000
220,0.070000
221,0.070000
222,0.070000
223,0.060000
224,0.070000
1985,0.610000
225,0.070000
226,0.070000
227,0.070000
228,0.070000
229,0.070000
2010,0.610000
230,0.070000
231,0.070000
232,0.070000
233,0.070000
234,0.070000
2035,0.620000
235,0.070000
236,0.070000
237,0.070000
238,0.080000
239,0.070000
2060,0.630000
240,0.080000
241,0.070000
242,0.070000
243,0.080000
244,0.070000
2085,0.640000
245,0.070000
246,0.080000
247,0.070000
248,0.080000
249,0.070000
2110,0.640000
250,0.080000
251,0.080000
252,0.070000
253,0.080000
254,0.080000
2135,0.650000
255,0.080000
256,0.070000
257,0.080000
258,0.080000
259,0.080000
2160,0.650000
260,0.080000
261,0.080000
262,0.080000
263,0.080000
264,0.080000
2185,0.660000
265,0.080000
266,0.080000
267,0.080000
268,0.080000
269,0.080000
2210,0.670000
270,0.080000
271,0.080000
272,0.090000
273,0.080000
274,0.080000
2235,0.680000
275,0.080000
276,0.090000
277,0.080000
278,0.090000
279,0.080000
2260,0.690000
280,0.080000
281,0.090000
282,0.080000
283,0.090000
284,0.090000
2285,0.690000
285,0.090000
286,0.090000
287,0.080000
288,0.090000
289,0.090000
2310,0.700000
290,0.090000
291,0.090000
292,0.080000
293,0.090000
294,0.090000
2335,0.710000
295,0.090000
296,0.090000
297,0.090000
298,0.090000
299,0.090000
2360,0.720000
300,0.090000
301,0.090000
302,0.100000
303,0.090000
304,0.090000
2385,0.730000
305,0.090000
306,0.090000
307,0.090000
308,0.100000
309,0.090000
2410,0.740000
310,0.090000
311,0.090000
312,0.100000
313,0.090000
314,0.100000
2435,0.740000
315,0.100000
316,0.090000
317,0.100000
318,0.100000
319,0.090000
2460,0.740000
320,0.100000
321,0.100000
322,0.090000
323,0.100000
324,0.100000
2485,0.750000
325,0.100000
326,0.100000
327,0.100000
328,0.100000
329,0.100000
2510,0.750000
330,0.100000
331,0.100000
332,0.110000
333,0.100000
334,0.100000
2535,0.770000
335,0.100000
336,0.100000
337,0.110000
338,0.100000
339,0.100000
2560,0.780000
340,0.100000
341,0.110000
342,0.100000
343,0.100000
344,0.110000
2585,0.780000
345,0.100000
346,0.110000
347,0.100000
348,0.110000
349,0.100000
2610,0.790000
350,0.110000
351,0.100000
352,0.110000
353,0.110000
354,0.100000
2635,0.800000
355,0.110000
356,0.100000
357,0.110000
358,0.110000
359,0.110000
2660,0.800000
360,0.110000
361,0.110000
362,0.110000
363,0.110000
364,0.110000
2685,0.820000
365,0.110000
366,0.110000
367,0.110000
368,0.110000
369,0.110000
2710,0.830000
370,0.110000
371,0.110000
372,0.120000
373,0.110000
374,0.110000
2735,0.830000
375,0.110000
376,0.120000
377,0.110000
378,0.120000
379,0.110000
2760,0.840000
380,0.110000
381,0.120000
382,0.120000
383,0.110000
384,0.120000
2785,0.850000
385,0.110000
386,0.120000
387,0.120000
388,0.120000
389,0.120000
2810,0.850000
390,0.120000
391,0.120000
392,0.120000
393,0.120000
394,0.110000
2835,0.860000
395,0.120000
396,0.120000
397,0.120000
398,0.120000
399,0.120000
2860,0.870000
400,0.120000
401,0.120000
402,0.120000
403,0.120000
404,0.120000
2885,0.870000
405,0.120000
406,0.130000
407,0.120000
408,0.130000
409,0.120000
2910,0.880000
410,0.130000
411,0.120000
412,0.130000
413,0.120000
414,0.130000
2935,0.890000
415,0.130000
416,0.120000
417,0.130000
418,0.130000
419,0.130000
2960,0.900000
420,0.120000
421,0.130000
422,0.130000
423,0.130000
424,0.120000
2985,0.910000
425,0.130000
426,0.120000
427,0.130000
428,0.130000
429,0.130000
3010,0.910000
430,0.130000
431,0.130000
432,0.130000
433,0.130000
434,0.130000
3035,0.920000
435,0.140000
436,0.130000
437,0.130000
438,0.130000
439,0.140000
3060,0.930000
440,0.130000
441,0.140000
442,0.130000
443,0.130000
444,0.140000
3085,0.940000
445,0.130000
446,0.140000
447,0.130000
448,0.140000
449,0.140000
3110,0.950000
450,0.130000
451,0.140000
452,0.140000
453,0.140000
454,0.130000
3135,0.960000
455,0.130000
456,0.140000
457,0.140000
458,0.140000
459,0.140000
3160,0.960000
460,0.140000
461,0.140000
462,0.140000
463,0.140000
464,0.140000
3185,0.970000
